location = Tylisos
latitude = 35.341846
longitude = 25.148254
