location = Unknown
latitude = 35.20943
longitude = 25.21636
