location = Tylisos
latitude = 35.513828
longitude = 24.018038
